NSGAII:
    Hypervolume: 0.5862024609844549
    InvertedGenerationalDistance: 0.012007636483298561
NSGAII_OM:
    Hypervolume: 0.3947212744600988
    InvertedGenerationalDistance: 0.15761776622647403
