eMOEA:
    Hypervolume: 0.46076366601151847
    InvertedGenerationalDistance: 0.14387018405757115
NSGAII:
    Hypervolume: 0.4546852012058487
    InvertedGenerationalDistance: 0.09012360397564333
Random:
    Hypervolume: 0.0
    InvertedGenerationalDistance: 3.0295954084316636
NSGAIII:
    Hypervolume: 0.3051355441332942
    InvertedGenerationalDistance: 0.2233054598864895
