eMOEA:
    Hypervolume: 0.5949462238040689
    InvertedGenerationalDistance: 0.05370725215706757
NSGAII:
    Hypervolume: 0.6281218840958908
    InvertedGenerationalDistance: 0.045544485935251275
Random:
    Hypervolume: 0.6296833778857726
    InvertedGenerationalDistance: 0.061170080313432885
NSGAIII:
    Hypervolume: 0.6327050100213486
    InvertedGenerationalDistance: 0.04630179967520375
