NSGAII:
    Hypervolume: 0.6714217212251029
    InvertedGenerationalDistance: 0.010293807160340262
NSGAII_OM:
    Hypervolume: 0.6400081948640693
    InvertedGenerationalDistance: 0.020472004866924173
